(((":length" .
   [1 0 0 0 0 0 0])
  ("send" .
   [1 0 0 0])
  ("report" .
   [2 0 0 0 0 0])
  ("call" .
   [1 0 0 0])
  ("klass" .
   [3 0 0 0 0])
  ("included" .
   [1 0 0 0 0 0 0 0])
  ("define_method" .
   [1 0 0 0 0 0 0 0 0 0 0 0 0])
  ("attr_reader" .
   [1 0 0 0 0 0 0 0 0 0 0])
  ("justit" .
   [3 0 0 0 0 0])
  ("Example" .
   [3 0 0 0 0 0 0])
  ("attr_logger" .
   [3 0 0 0 0 0 0 0 0 0 0])
  ("GeneralLogger" .
   [4 0 0 0 0 0 0 0 0 0 0 0 0])
  ("ClassMethods" .
   [3 0 0 0 0 0 0 0 0 0 0 0])
  ("host_class" .
   [3 0 0 0 0 0 0 0 0 0])
  ("val" .
   [4 0 0])
  ("log" .
   [9 0 0])
  ("name" .
   [9 0 0 0])
  ("msg" .
   [3 0 0])
  ("var" .
   [4 0 0])
  ("Test" .
   [4 0 0 0])
  (":mycount" .
   [1 0 0 0 0 0 0 0])
  ("join" .
   [1 0 0 0])
  ("i" .
   [1])
  ("mythreads" .
   [0 0 0 1 0 0 0 0 0])
  ("map" .
   [1 0 0])
  ("count" .
   [3 0 0 0 0])
  ("Thread" .
   [2 0 0 0 0 0])
  ("times" .
   [3 0 0 0 0])
  (":text" .
   [1 0 0 0 0])
  (":title" .
   [1 0 0 0 0 0])
  ("require" .
   [0 0 0 1 0 0 0])
  ("article_params" .
   [0 0 0 0 0 0 0 0 0 0 1 0 0 0])
  ("article" .
   [1 0 0 0 0 0 0])
  ("area" .
   [1 0 0 0])
  ("array" .
   [2 0 0 0 0])
  ("args" .
   [1 0 0 0])
  ("sum" .
   [5 0 0])
  ("hash" .
   [3 0 0 0])
  ("eql?" .
   [1 0 0 0])
  ("str3" .
   [1 0 0 0])
  ("equal?" .
   [1 0 0 0 0 0])
  ("str2" .
   [3 0 0 0])
  ("str1" .
   [5 0 0 0])
  ("object_id" .
   [1 0 0 0 0 0 0 0 0])
  ("ary2" .
   [1 0 0 0])
  ("ary1" .
   [1 0 0 0])
  ("n" .
   [1])
  ("encoding:" .
   [1 0 0 0 0 0 0 0 0])
  ("address" .
   [1 0 0 0 0 0 0])
  ("each" .
   [3 0 0 0])
  ("key" .
   [2 0 0])
  ("value" .
   [10 0 0 0 0])
  ("Test1" .
   [12 0 0 0 0])
  ("hello" .
   [1 0 0 0 0])
  ("new" .
   [9 0 0])
  ("__id__" .
   [1 0 0 0 0 0])
  ("hello2" .
   [1 0 0 0 0 0])
  ("Class" .
   [1 0 0 0 0])
  ("singleton_methods" .
   [0 0 1 1 0 0 0 0 0 0 0 0 0 0 0 0 0])
  ("MyClass" .
   [2 0 0 0 0 0 0])
  ("classmethod" .
   [0 0 0 0 0 0 1 1 0 0 0])
  ("instancemethod" .
   [0 0 0 0 0 0 0 0 0 1 0 1 0 0])
  ("extend" .
   [2 0 0 0 0 0])
  ("include" .
   [1 0 0 0 0 0 0])
  ("MyClass2" .
   [2 0 0 0 0 0 0 0])
  ("instance" .
   [0 0 0 0 1 0 0 0])
  ("to_enum" .
   [1 0 0 0 0 0 0])
  ("enum1" .
   [1 0 0 0 0])
  ("enum3" .
   [1 0 0 0 0])
  ("array1" .
   [2 0 0 0 0 0])
  ("index" .
   [1 0 0 0 0])
  ("mutex" .
   [3 0 0 0 0])))
